,배수등급양호비율,제방,수문,평균경사도(%),하천까지의거리(중심),인구밀도(명/km²),1분위소득가구비율(%),2분위소득가구비율(%),3분위소득가구비율(%),4분위소득가구비율(%),5분위소득가구비율(%),도로율,노인_per,장애인_per,기초생활수급자_per,추정면적당시우량(연간),FREQUENCY,Cluster,ADM_NM,GU_NAME
0,0.6541666666666667,1.0,0.0,3.8125,542.99443714812,20605.22388,0.06976744186046512,0.1069767441860465,0.1534883720930233,0.2232558139534884,0.4418604651162791,20.14,14.259492367198401,3.11733339050588,2.6530565536813597,0.2859457443157294,2,1,가락1동,송파구
1,0.8421052631578947,0.0,0.0,7.124999999999999,1074.58920642775,32888.54167,0.1224530966310268,0.148779503732096,0.1804518862215049,0.243292313899536,0.3051240669759935,20.14,14.259492367198401,3.11733339050588,2.6530565536813597,0.2859457443157294,11,2,가락2동,송파구
2,0.68,0.0,0.0,10.785714285714286,2056.15835643306,22821.23894,0.1246259085079094,0.1750748182984181,0.2050021376656691,0.2353569901667379,0.259833262077811,20.14,14.259492367198401,3.11733339050588,2.6530565536813597,0.2859457443157294,15,2,가락본동,송파구
3,0.6880733944954128,0.0,0.0,9.666666666666666,1184.743570685,31655.0,0.393553043059899,0.2833774356507097,0.1691123406302622,0.1159490016839067,0.03800817897522252,21.55,17.48323644363136,4.6691637993687705,3.3721144130046303,0.49344605151962834,19,2,가리봉동,구로구
4,0.6102449888641426,1.0,0.0,8.772727272727272,468.909180333965,10567.85714,0.229826353421859,0.2671092951991829,0.2536261491317671,0.1448416751787538,0.1045965270684372,22.37,17.127025843188783,5.01720861394029,5.38852387209811,0.7206659217581604,56,1,가산동,금천구
5,0.676056338028169,1.0,0.0,9.75,195.874631693824,7562.962963,0.2050156739811912,0.1736677115987461,0.2282131661442006,0.2068965517241379,0.1862068965517241,21.15,18.448941281948912,4.2206197455811205,3.50851387225339,0.3288173596862235,1,1,가회동,종로구
6,0.8632478632478633,1.0,0.0,19.458333333333332,1663.33029445998,15877.31959,0.1829472175782183,0.2144733699546214,0.239909242894674,0.2208024838786721,0.1419871029376642,22.14,17.842754593223333,4.6713961797443995,5.0713271771123,0.29839077940343767,3,1,갈현1동,은평구
7,0.8629032258064516,1.0,0.0,18.454545454545457,1010.63942803555,29277.08333,0.1617505094926526,0.198219457256248,0.2391933926847581,0.2371554220744396,0.1637884801029711,22.14,17.842754593223333,4.6713961797443995,5.0713271771123,0.29839077940343767,4,1,갈현2동,은평구
8,0.6729857819905213,1.0,0.0,13.833333333333334,688.42277346515,26060.30534,0.2205730389854392,0.2229215594175669,0.2019727571629873,0.2120244246124941,0.1425082198215125,21.55,17.48323644363136,4.6691637993687705,3.3721144130046303,0.49344605151962834,88,1,개봉1동,구로구
9,0.2989690721649484,1.0,1.0,15.142857142857144,706.886025748263,38138.75,0.1607389026743865,0.1981435529822627,0.1938240970499035,0.253009833654995,0.1943755169561621,21.55,17.48323644363136,4.6691637993687705,3.3721144130046303,0.49344605151962834,61,0,개봉2동,구로구
10,0.5339805825242718,1.0,1.0,11.642857142857144,126.927890460257,24958.02469,0.1956712489031881,0.2217022521205031,0.2202398362094179,0.2338403041825095,0.1285463585843814,21.55,17.48323644363136,4.6691637993687705,3.3721144130046303,0.49344605151962834,42,0,개봉3동,구로구
11,0.7053941908713693,1.0,1.0,13.794117647058822,2630.04052542265,5442.519685,0.04786545924967658,0.07826649417852523,0.1030616645105649,0.1511427339370418,0.6196636481241915,22.18,14.085849648952559,2.90407300926005,2.89913807865745,0.2603964683070088,16,0,개포1동,강남구
12,0.8379204892966361,1.0,1.0,15.911764705882353,2066.53028012496,15848.32215,0.1252093802345059,0.1525683975432719,0.2155220547180346,0.2307370184254606,0.275963149078727,22.18,14.085849648952559,2.90407300926005,2.89913807865745,0.2603964683070088,35,0,개포4동,강남구
13,0.5428571428571428,1.0,1.0,8.399999999999999,575.563828859497,24039.21569,0.2074988355845366,0.2149510945505356,0.2182114578481602,0.2256637168141593,0.1336748952026083,20.14,14.259492367198401,3.11733339050588,2.6530565536813597,0.2859457443157294,13,0,거여1동,송파구
14,0.6410256410256411,0.0,0.0,5.5,904.154511681846,44803.77358,0.2151784563844865,0.2156938538848087,0.2033243138770777,0.2083494395052184,0.1573250869733282,20.14,14.259492367198401,3.11733339050588,2.6530565536813597,0.2859457443157294,12,2,거여2동,송파구
15,0.656084656084656,1.0,1.0,9.2,481.267955731062,15852.31788,0.1046308431629532,0.100262123197903,0.1830493665356051,0.2092616863259065,0.4027959807776322,24.63,15.48581464646796,4.06704262157538,3.5549445369012096,0.3635093799176053,3,0,고덕1동,강동구
16,0.6962962962962963,1.0,1.0,4.366666666666666,486.954714428471,9161.6,0.2590518850317283,0.251959686450168,0.202314296379246,0.1758118701007839,0.1104889884285181,24.63,15.48581464646796,4.06704262157538,3.5549445369012096,0.3635093799176053,9,0,고덕2동,강동구
17,0.8743455497382199,1.0,0.0,15.178571428571427,613.743423689437,22580.17241,0.1838835195180118,0.2033387724362997,0.1973139199196686,0.2304506087611397,0.1850131793648801,21.55,17.48323644363136,4.6691637993687705,3.3721144130046303,0.49344605151962834,8,1,고척1동,구로구
18,0.6291390728476821,0.0,0.0,10.416666666666668,3528.5332072898,37022.77228,0.1862856278823618,0.1978528766916156,0.2097981401678385,0.1974748620246466,0.2085884932335375,28.69,14.38031958706276,3.5688685487428295,2.95508209324034,0.3400474699618578,1,2,공덕동,마포구
19,0.6852791878172588,1.0,1.0,7.7727272727272725,10.0541983881386,26343.97163,0.266688524590164,0.2218360655737705,0.2043934426229508,0.1853114754098361,0.1217704918032787,25.42,16.72871016543848,5.33528997650045,6.2240007808305995,0.24095259203136843,7,0,공릉1동,노원구
20,0.5089418777943369,1.0,0.0,4.384615384615384,1208.72641975379,2826.49494,0.2524310643399494,0.287598241641135,0.2064739576395364,0.1831623817770081,0.07033435460237113,26.22,15.59688880958129,5.02660689067403,5.338917521264349,0.18974727632789007,4,1,공항동,강서구
21,0.967032967032967,1.0,0.0,6.5625,892.839799282758,16836.93182,0.3227722772277228,0.2615841584158416,0.2006930693069307,0.1516831683168317,0.06326732673267327,21.55,17.48323644363136,4.6691637993687705,3.3721144130046303,0.49344605151962834,50,1,구로2동,구로구
22,0.2244897959183673,1.0,0.0,5.428571428571429,539.249958912459,24526.47059,0.2178687297229848,0.2083853256800599,0.2344230929207221,0.1983196073537975,0.1410032443224357,21.55,17.48323644363136,4.6691637993687705,3.3721144130046303,0.49344605151962834,14,1,구로3동,구로구
23,0.6987951807228916,1.0,0.0,6.666666666666667,559.204063733296,49830.43478,0.2406405769434723,0.2394739633046983,0.223883762859264,0.1929154735390816,0.103192279138827,21.55,17.48323644363136,4.6691637993687705,3.3721144130046303,0.49344605151962834,64,1,구로4동,구로구
24,0.8258426966292135,1.0,0.0,3.0833333333333335,607.634151192001,30901.94175,0.1944249649368864,0.2225631136044881,0.2109046283309958,0.2031907433380084,0.1689165497896213,21.55,17.48323644363136,4.6691637993687705,3.3721144130046303,0.49344605151962834,141,1,구로5동,구로구
25,0.7976878612716763,1.0,0.0,26.8,359.285923913484,23164.49275,0.1394156842644798,0.1780625320348539,0.2350589441312148,0.2469502819067145,0.2005125576627371,22.14,17.842754593223333,4.6713961797443995,5.0713271771123,0.29839077940343767,3,1,구산동,은평구
26,0.6089108910891089,1.0,0.0,17.615384615384617,1053.76743519294,28090.06211,0.1604445216183365,0.2016553799849511,0.2310007524454477,0.2146784742721537,0.1922208716791109,24.63,15.48581464646796,4.06704262157538,3.5549445369012096,0.3635093799176053,9,1,길동,강동구
27,0.7580645161290323,1.0,0.0,6.916666666666667,389.682037594995,37624.13793,0.2338247338247338,0.2072072072072072,0.1824324324324324,0.1967649467649468,0.1795659295659296,23.18,16.875989051188732,4.07297710209858,3.81946148865498,0.33215603685402345,4,1,길음2동,성북구
28,0.7543859649122807,1.0,1.0,23.642857142857142,1897.34657677133,7925.110132,0.260790273556231,0.3034650455927052,0.228693009118541,0.1433434650455927,0.06370820668693009,19.27,15.98333739503261,4.19234463060032,4.6582183321698905,0.32273244942210905,44,0,낙성대동,관악구
29,0.7943262411347518,0.0,0.0,23.166666666666664,1454.51806431423,27511.45833,0.2808377806867385,0.2519383747860235,0.2082368341556741,0.1907159399859027,0.06827107038566106,19.27,15.98333739503261,4.19234463060032,4.6582183321698905,0.32273244942210905,22,2,난곡동,관악구
30,1.0,1.0,0.0,11.0,708.633186285548,39725.97403,0.2892654220779221,0.2362012987012987,0.1794845779220779,0.1726866883116883,0.122362012987013,17.46,17.20595754506919,4.073199137121001,3.74870111662735,0.4207174938882256,2,1,남가좌2동,서대문구
31,0.3672316384180791,0.0,0.0,11.5,1148.91959285785,6346.218487,0.3513881328252585,0.2131192161132281,0.2172019597169298,0.1203048448557431,0.0979858464888405,23.44,16.56424862399604,3.56012988035629,3.95217642156548,0.3770530769097981,2,2,남영동,용산구
32,0.8131672597864769,1.0,1.0,21.066666666666666,427.560150697815,5545.87156,0.1849392483752473,0.2157389092964114,0.2261938400678158,0.2240745973438825,0.1490534049166431,19.27,15.98333739503261,4.19234463060032,4.6582183321698905,0.32273244942210905,13,0,남현동,관악구
33,0.8796248045857217,1.0,1.0,18.320000000000004,1145.31295815896,1369.479495,0.0787527483509894,0.112532480511693,0.1704977013791725,0.2354587247651409,0.4027583449930042,27.36,14.17891039896946,2.5539972750082502,1.76528491742316,0.19567863376892958,3,0,내곡동,서초구
34,0.1857142857142857,1.0,0.0,10.15,570.117524691466,20465.18987,0.2525910364145658,0.1946078431372549,0.1818627450980392,0.1801120448179272,0.1907563025210084,19.48,16.70464440840759,3.7965650000789997,3.35464258339025,0.5470087022048309,4,1,노량진1동,동작구
35,0.2788461538461538,0.0,0.0,12.3,2205.47591331631,17601.5625,0.30842776203966,0.2785056657223796,0.2055594900849858,0.1485481586402266,0.05895892351274788,19.48,16.70464440840759,3.7965650000789997,3.35464258339025,0.5470087022048309,80,2,노량진2동,동작구
36,0.9273927392739274,1.0,0.0,17.727272727272727,1678.67450213842,20529.05028,0.1855530474040632,0.2005417607223476,0.2311512415349887,0.2065011286681716,0.1763431151241535,22.14,17.842754593223333,4.6713961797443995,5.0713271771123,0.29839077940343767,2,1,녹번동,은평구
37,0.6638655462184874,0.0,0.0,9.857142857142856,2134.42382932467,17618.4,0.2453626373626374,0.2434285714285714,0.2304175824175824,0.1585054945054945,0.1223736263736264,22.18,14.085849648952559,2.90407300926005,2.89913807865745,0.2603964683070088,71,2,논현1동,강남구
38,0.3793103448275862,0.0,0.0,6.0,988.545854218184,27305.88235,0.2318679280281951,0.2346503431645335,0.2183268410313486,0.2040437766648117,0.1111111111111111,18.86,18.99178782871519,4.72623251990235,4.81022328138103,0.8403326813392725,1,2,다산동,중구
39,0.6722222222222223,1.0,0.0,6.916666666666667,1172.73812786073,35155.55556,0.204849201655825,0.2035481963335305,0.1903015966883501,0.194795978710822,0.2065050266114725,22.74,18.00272185181426,4.64577395636241,4.7817444921299,0.5907955146289544,7,1,답십리1동,동대문구
40,0.25,0.0,0.0,1.0,1330.40228848038,28237.33333,0.1712424977652918,0.1879708849444515,0.2170859404929128,0.2311326778189248,0.1926956965904738,29.23,15.88802611936291,3.88995936944818,3.04448453995768,0.35521410709221685,42,2,당산1동,영등포구
41,0.4819277108433735,1.0,0.0,0.6666666666666667,1481.67530345853,23983.87097,0.132036036036036,0.1745585585585586,0.1996396396396396,0.2198918918918919,0.2738738738738739,29.23,15.88802611936291,3.88995936944818,3.04448453995768,0.35521410709221685,13,1,당산2동,영등포구
42,0.6941176470588235,0.0,0.0,8.0,706.587693713236,33404.08163,0.3301785330178533,0.2669391266939127,0.1824048182404818,0.1479888147988815,0.07248870724887073,29.23,15.88802611936291,3.88995936944818,3.04448453995768,0.35521410709221685,527,2,대림1동,영등포구
43,0.1746987951807229,1.0,0.0,5.25,219.020685014395,31967.27273,0.3318145800316957,0.2700079239302694,0.1868066561014263,0.1281695721077654,0.0832012678288431,29.23,15.88802611936291,3.88995936944818,3.04448453995768,0.35521410709221685,880,1,대림2동,영등포구
44,0.4354066985645933,1.0,0.0,5.5,606.963130628737,26562.10526,0.2270437371193039,0.2254408060453401,0.2083810396152966,0.2098694756125487,0.1292649416075109,29.23,15.88802611936291,3.88995936944818,3.04448453995768,0.35521410709221685,233,1,대림3동,영등포구
45,0.5015290519877675,1.0,0.0,6.666666666666667,2427.7555785542,23450.32258,0.1917672216282267,0.1699251565602566,0.1955093936153964,0.2016954330227585,0.2411791660302429,19.48,16.70464440840759,3.7965650000789997,3.35464258339025,0.5470087022048309,156,1,대방동,동작구
46,0.8301886792452831,0.0,0.0,11.65,1628.33840100994,32537.64706,0.2125449787373242,0.2260385999345764,0.2369970559371933,0.2042852469741577,0.120215897939156,22.14,17.842754593223333,4.6713961797443995,5.0713271771123,0.29839077940343767,4,2,대조동,은평구
47,0.4848484848484848,1.0,0.0,9.083333333333334,520.83937344769,30132.91139,0.04318936877076412,0.05070816576324532,0.08043364224514775,0.1234481552719007,0.7022206679489421,22.18,14.085849648952559,2.90407300926005,2.89913807865745,0.2603964683070088,1,1,대치1동,강남구
48,0.8722222222222222,1.0,0.0,15.857142857142856,1241.11591786834,18567.81609,0.3256620428751577,0.2583543505674653,0.1986128625472888,0.1295712484237074,0.08779949558638084,28.69,14.38031958706276,3.5688685487428295,2.95508209324034,0.3400474699618578,2,1,대흥동,마포구
49,0.8620689655172413,0.0,0.0,15.5,1046.51675987402,20503.92157,0.08781908990011099,0.0861542730299667,0.1517758046614872,0.1933962264150944,0.4808546059933407,22.18,14.085849648952559,2.90407300926005,2.89913807865745,0.2603964683070088,2,2,도곡1동,강남구
50,0.5,1.0,0.0,7.7,641.010213114616,22076.40449,0.2770010964912281,0.2464364035087719,0.1981907894736842,0.1742050438596491,0.1043037280701754,29.23,15.88802611936291,3.88995936944818,3.04448453995768,0.35521410709221685,101,1,도림동,영등포구
51,0.8942307692307693,1.0,1.0,14.222222222222221,501.418229345721,2355.619266,0.2913032324268856,0.2783478707029245,0.1992047203694202,0.1712416623909697,0.05977424320164187,23.93,19.5572617567929,4.90101864309052,4.74834405827656,0.39118880292919156,15,0,도봉1동,도봉구
52,0.241860465116279,1.0,1.0,1.5,128.982606872825,31580.72289,0.2113871635610766,0.2165631469979296,0.2036231884057971,0.2250517598343685,0.1433747412008282,23.93,19.5572617567929,4.90101864309052,4.74834405827656,0.39118880292919156,5,0,도봉2동,도봉구
53,0.5367647058823529,1.0,1.0,11.035714285714285,724.73313043208,22927.7512,0.1947269597872008,0.1969175402910343,0.2221874511031137,0.1983257706149272,0.187920513221718,22.37,17.127025843188783,5.01720861394029,5.38852387209811,0.7206659217581604,36,0,독산1동,금천구
54,0.7764705882352941,0.0,0.0,14.266666666666666,1408.98278863888,32380.0,0.2645772594752187,0.2578717201166181,0.2300291545189504,0.1717201166180758,0.07580174927113703,22.37,17.127025843188783,5.01720861394029,5.38852387209811,0.7206659217581604,71,2,독산2동,금천구
55,0.7180616740088106,0.0,0.0,12.75,1172.87491422008,29500.0,0.2478322906376907,0.2455273844802985,0.2376248490835254,0.1720996597519482,0.09691581604653715,22.37,17.127025843188783,5.01720861394029,5.38852387209811,0.7206659217581604,69,2,독산3동,금천구
56,0.797979797979798,0.0,0.0,13.818181818181818,1766.14317985305,27781.35593,0.2599577017976736,0.2462107860415932,0.2456820585125132,0.1697215368346845,0.07860415932322876,22.37,17.127025843188783,5.01720861394029,5.38852387209811,0.7206659217581604,29,2,독산4동,금천구
57,0.6935483870967742,0.0,0.0,11.5,1130.84421463602,39169.23077,0.1468991140325807,0.1540440125750214,0.1880537296370391,0.2260645898828237,0.2852243498142326,18.86,18.99178782871519,4.72623251990235,4.81022328138103,0.8403326813392725,2,2,동화동,중구
58,0.7978723404255319,1.0,1.0,17.09090909090909,286.658160602619,15520.51282,0.1373380717643013,0.1489166571133784,0.1936260460850625,0.2350108907485957,0.2851083342886622,24.63,15.48581464646796,4.06704262157538,3.5549445369012096,0.3635093799176053,10,0,둔촌2동,강동구
59,0.5211267605633803,1.0,1.0,12.6,421.305474515958,31944.82759,0.2377582790829323,0.2461081234078687,0.2083215397679026,0.2120011321822813,0.09566940277384658,20.14,14.259492367198401,3.11733339050588,2.6530565536813597,0.2859457443157294,35,0,마천1동,송파구
60,0.8037383177570093,1.0,0.0,21.38235294117647,413.729192991352,20324.7191,0.2469230769230769,0.2512307692307693,0.2110769230769231,0.2112307692307692,0.07953846153846154,20.14,14.259492367198401,3.11733339050588,2.6530565536813597,0.2859457443157294,27,1,마천2동,송파구
61,0.8416666666666667,1.0,0.0,25.5,140.582543156686,17655.43478,0.2978867286559594,0.2779374471682164,0.2126796280642435,0.1568892645815723,0.0547759932375317,25.6,17.924198884167012,5.30826918664079,6.87553832345706,0.45222483002250236,2,1,망우3동,중랑구
62,0.6895604395604396,1.0,0.0,14.53030303030303,461.700497338519,11883.82838,0.2613689420113923,0.2589410775982818,0.2123447567466617,0.1835839013913531,0.08376132225231114,25.6,17.924198884167012,5.30826918664079,6.87553832345706,0.45222483002250236,3,1,망우본동,중랑구
63,0.6704545454545454,1.0,0.0,5.500000000000001,2271.04018671763,17419.46903,0.2150049115913556,0.2146365422396856,0.2465618860510805,0.1991650294695481,0.12475442043222,28.69,14.38031958706276,3.5688685487428295,2.95508209324034,0.3400474699618578,1,1,망원1동,마포구
64,0.0061728395061728,1.0,1.0,0.5,916.156053411938,31370.12987,0.2786031883743629,0.2577811517189025,0.2191736254202364,0.1727578353757727,0.07168419911072552,25.6,17.924198884167012,5.30826918664079,6.87553832345706,0.45222483002250236,2,0,면목2동,중랑구
65,0.6370967741935484,1.0,1.0,23.722222222222225,594.392391183766,21431.03448,0.2508600522911793,0.2475574514930508,0.201045823586074,0.1963671391220586,0.1041695335076373,25.6,17.924198884167012,5.30826918664079,6.87553832345706,0.45222483002250236,3,0,면목4동,중랑구
66,0.8372093023255814,1.0,0.0,25.416666666666664,826.050839649536,18145.0,0.2504670569186698,0.2519616390584132,0.2041350105866235,0.1876946070494458,0.1057416863868477,25.6,17.924198884167012,5.30826918664079,6.87553832345706,0.45222483002250236,4,1,면목7동,중랑구
67,0.4285714285714285,0.0,0.0,5.1000000000000005,1405.7074815263,40180.95238,0.2830681548325814,0.268344811208739,0.2246497269057231,0.1663104567402834,0.05754769255125465,25.6,17.924198884167012,5.30826918664079,6.87553832345706,0.45222483002250236,2,2,면목본동,중랑구
68,0.4242424242424242,1.0,0.0,6.0,662.768606967501,3636.363636,0.3064814814814815,0.2055555555555555,0.1787037037037037,0.1268518518518519,0.1824074074074074,18.86,18.99178782871519,4.72623251990235,4.81022328138103,0.8403326813392725,1,1,명동,중구
69,0.782051282051282,0.0,0.0,6.666666666666667,2242.54093424958,41921.31148,0.1164383561643836,0.1334189497716895,0.1787956621004566,0.2420091324200913,0.329337899543379,24.63,15.48581464646796,4.06704262157538,3.5549445369012096,0.3635093799176053,2,2,명일1동,강동구
70,0.7368421052631579,1.0,0.0,19.950000000000003,1016.83640920811,17841.23711,0.07896323086196504,0.1046815350612819,0.1428571428571428,0.2117741611412498,0.4617239300783604,24.63,15.48581464646796,4.06704262157538,3.5549445369012096,0.3635093799176053,2,1,명일2동,강동구
71,0.3291139240506329,1.0,1.0,5.800000000000001,658.56806903377,21582.97872,0.08231517912611307,0.07693104162352454,0.1254918202526403,0.1727065645061089,0.5425553944916132,27.55,14.776723910053361,3.97408511004984,3.85418393451583,0.4756530920132227,1,0,목1동,양천구
72,0.7293233082706767,0.0,0.0,9.4,1330.10203114522,40730.18868,0.1769632070291049,0.207440966501922,0.2086765513454146,0.2320153761669412,0.1747666117517847,27.55,14.776723910053361,3.97408511004984,3.85418393451583,0.4756530920132227,1,2,목3동,양천구
73,0.8880597014925373,0.0,0.0,10.5,2212.48824801595,43526.31579,0.1501744765702891,0.1764705882352941,0.2083748753738784,0.226321036889332,0.2387836490528415,27.55,14.776723910053361,3.97408511004984,3.85418393451583,0.4756530920132227,1,2,목4동,양천구
74,0.5742971887550201,1.0,1.0,15.11111111111111,1498.58967890747,28514.16667,0.1722553973357832,0.1982544786403307,0.2065227377124483,0.2410656867248507,0.1819016995865871,25.6,17.924198884167012,5.30826918664079,6.87553832345706,0.45222483002250236,1,0,묵1동,중랑구
75,0.2867132867132867,1.0,0.0,4.7142857142857135,162.293510305616,27840.29851,0.247637618119094,0.2426878656067197,0.2212389380530974,0.1963401829908505,0.09194540272986351,25.6,17.924198884167012,5.30826918664079,6.87553832345706,0.45222483002250236,1,1,묵2동,중랑구
76,0.211864406779661,1.0,0.0,3.4999999999999996,775.598256404582,21797.98658,0.1145139813581891,0.1392429142096253,0.1758607570857904,0.2588929046984972,0.3115845539280959,29.23,15.88802611936291,3.88995936944818,3.04448453995768,0.35521410709221685,218,1,문래동,영등포구
77,0.8,0.0,0.0,8.1,1353.38914895148,35341.07143,0.1338630806845966,0.1824572127139364,0.198960880195599,0.2370110024449878,0.2475550122249389,20.14,14.259492367198401,3.11733339050588,2.6530565536813597,0.2859457443157294,12,2,문정1동,송파구
78,0.5372460496613995,1.0,1.0,6.812500000000001,1198.29117665624,13132.27273,0.08330849478390462,0.1526080476900149,0.1976154992548435,0.2022354694485842,0.3640834575260805,20.14,14.259492367198401,3.11733339050588,2.6530565536813597,0.2859457443157294,10,0,문정2동,송파구
79,0.5415162454873647,0.0,0.0,16.375,1525.05930869864,22112.31884,0.2221710708037934,0.2314703986741552,0.2080839701684928,0.2104778565509622,0.1277967038025964,19.27,15.98333739503261,4.19234463060032,4.6582183321698905,0.32273244942210905,90,2,미성동,관악구
80,0.4854368932038835,0.0,0.0,9.375,1255.98291856674,23324.73118,0.3067770908666744,0.2779657062871807,0.1849994167735915,0.1631867490959991,0.0670710369765543,17.77,20.89898378941951,5.92468716153159,7.23678274614117,0.33177782138389456,1,2,미아동,강북구
81,0.7541899441340782,1.0,0.0,11.0,1787.31374840776,34547.0,0.1967108073472875,0.1913712088850918,0.1781290046988467,0.156877402819308,0.2768047842802221,27.36,14.17891039896946,2.5539972750082502,1.76528491742316,0.19567863376892958,42,1,반포1동,서초구
82,0.3347280334728033,1.0,0.0,0.5,791.127250683651,11665.92593,0.05979945305378304,0.05925250683682771,0.1022789425706472,0.1515041020966272,0.6269826800364631,27.36,14.17891039896946,2.5539972750082502,1.76528491742316,0.19567863376892958,2,1,반포2동,서초구
83,0.7865168539325843,1.0,0.0,11.76923076923077,283.415654196746,13600.0,0.0903964757709251,0.09533039647577092,0.1557709251101322,0.1973568281938326,0.4611453744493392,27.36,14.17891039896946,2.5539972750082502,1.76528491742316,0.19567863376892958,3,1,반포4동,서초구
84,0.6436781609195402,0.0,1.0,15.625,3251.51352396987,24042.85714,0.1434893617021277,0.1807659574468085,0.2127659574468085,0.2182127659574468,0.2447659574468085,27.36,14.17891039896946,2.5539972750082502,1.76528491742316,0.19567863376892958,55,2,방배1동,서초구
85,0.7793427230046949,1.0,1.0,14.409090909090908,499.533166986373,9552.331606,0.1726884451113933,0.181576820962715,0.2081265150640656,0.2105506175689715,0.2270576012928547,27.36,14.17891039896946,2.5539972750082502,1.76528491742316,0.19567863376892958,178,0,방배2동,서초구
86,0.8517350157728707,1.0,1.0,19.54,276.783245020998,7164.166667,0.1138532860649032,0.1325334060539951,0.1625306790291792,0.2046632124352332,0.3864194164166894,27.36,14.17891039896946,2.5539972750082502,1.76528491742316,0.19567863376892958,3,0,방배3동,서초구
87,0.4821428571428571,1.0,1.0,10.545454545454545,1070.47546888308,23815.30612,0.1290206863565706,0.1469568336721272,0.1830682769341146,0.2080593088604568,0.3327753198612938,27.36,14.17891039896946,2.5539972750082502,1.76528491742316,0.19567863376892958,20,0,방배4동,서초구
88,0.6068965517241379,1.0,0.0,10.15,446.577906208047,30911.9403,0.1220966729441306,0.1335530445699937,0.1699623352165725,0.1928750784682988,0.3815128688010044,27.36,14.17891039896946,2.5539972750082502,1.76528491742316,0.19567863376892958,89,1,방배본동,서초구
89,0.8533333333333334,0.0,0.0,8.0,1027.94432018398,30676.0,0.1240563150377474,0.1622117935115283,0.1966945521322179,0.2321975107120996,0.2850438685982453,20.14,14.259492367198401,3.11733339050588,2.6530565536813597,0.2859457443157294,9,2,방이1동,송파구
90,0.8247422680412371,0.0,0.0,5.0,1502.02121907108,33138.75,0.1940584088620342,0.2462235649546828,0.2270896273917422,0.2094662638469285,0.1231621349446123,20.14,14.259492367198401,3.11733339050588,2.6530565536813597,0.2859457443157294,35,2,방이2동,송파구
91,0.0263157894736842,1.0,1.0,5.800000000000001,117.448547677232,41079.71014,0.2482137613780953,0.2521288049329549,0.1880199667221298,0.1861603210335715,0.1254771459332485,23.93,19.5572617567929,4.90101864309052,4.74834405827656,0.39118880292919156,19,0,방학1동,도봉구
92,0.8175182481751825,0.0,0.0,20.65,1137.12162915103,25925.67568,0.2922569110163664,0.2885435290881584,0.2042360060514372,0.1688901114014578,0.04607344244258011,23.93,19.5572617567929,4.90101864309052,4.74834405827656,0.39118880292919156,10,2,방학2동,도봉구
93,0.9444444444444444,1.0,0.0,28.045454545454547,264.231926169195,10103.43511,0.1330412481299423,0.1757854242359478,0.2030348365035264,0.2751656336824108,0.2129728574481727,23.93,19.5572617567929,4.90101864309052,4.74834405827656,0.39118880292919156,1,1,방학3동,도봉구
94,0.5567423230974633,1.0,1.0,11.038461538461538,825.832881457353,3627.301092,0.2622968939980104,0.2344423565822925,0.2061456836520394,0.1873549242842931,0.1097601414833646,26.22,15.59688880958129,5.02660689067403,5.338917521264349,0.18974727632789007,4,0,방화2동,강서구
95,0.5357142857142857,1.0,0.0,19.22222222222222,727.651470469416,8801.960784,0.2443546001380534,0.1938664825954048,0.1898234888078099,0.2138842323242284,0.158169805739079,26.22,15.59688880958129,5.02660689067403,5.338917521264349,0.18974727632789007,42,1,방화3동,강서구
96,0.4520547945205479,1.0,1.0,6.5,351.111907014076,28169.69697,0.3329404060248854,0.2762278978388998,0.1986902423051735,0.1414538310412574,0.05068762278978389,17.77,20.89898378941951,5.92468716153159,7.23678274614117,0.33177782138389456,13,0,번1동,강북구
97,0.3140096618357488,1.0,0.0,7.000000000000001,816.94782450519,16100.0,0.2709719292552328,0.2416031153658932,0.1932500405646601,0.2122343014765536,0.08194061333766023,17.77,20.89898378941951,5.92468716153159,7.23678274614117,0.33177782138389456,2,1,번2동,강북구
98,0.7368421052631579,1.0,0.0,5.333333333333334,469.297821041478,19663.38028,0.292462311557789,0.2499162479061977,0.2345058626465662,0.1460636515912898,0.07705192629815745,23.44,16.56424862399604,3.56012988035629,3.95217642156548,0.3770530769097981,8,1,보광동,용산구
99,0.8275862068965517,0.0,0.0,19.458333333333332,891.024801836576,32456.57895,0.2456570155902005,0.2512249443207127,0.2179287305122495,0.1947661469933185,0.09042316258351893,19.27,15.98333739503261,4.19234463060032,4.6582183321698905,0.32273244942210905,67,2,보라매동,관악구
100,0.90625,1.0,1.0,31.45833333333334,719.095967359516,4167.400881,0.1773855818127431,0.1693090038887227,0.1953335327550105,0.2123840861501645,0.2455877953933593,21.15,18.448941281948912,4.2206197455811205,3.50851387225339,0.3288173596862235,2,0,부암동,종로구
101,0.9606741573033708,1.0,0.0,6.666666666666667,825.574086535362,32390.90909,0.135632183908046,0.1461412151067323,0.1737274220032841,0.235632183908046,0.3088669950738916,17.46,17.20595754506919,4.073199137121001,3.74870111662735,0.4207174938882256,4,1,북가좌1동,서대문구
102,0.9523809523809524,1.0,0.0,3.4999999999999996,438.239664548047,37176.19048,0.2193675889328063,0.2427236794825728,0.215504850880345,0.221703197987783,0.100700682716493,17.46,17.20595754506919,4.073199137121001,3.74870111662735,0.4207174938882256,3,1,북가좌2동,서대문구
103,0.9700214132762311,1.0,0.0,25.863636363636367,735.947467288476,12174.12141,0.1633379888268156,0.1691340782122905,0.2129888268156425,0.2170391061452514,0.2374301675977654,22.14,17.842754593223333,4.6713961797443995,5.0713271771123,0.29839077940343767,28,1,불광1동,은평구
104,0.935672514619883,1.0,1.0,23.571428571428573,532.767949677761,19805.07246,0.2176446945337621,0.2229702572347267,0.2374397106109325,0.2019694533762058,0.1198754019292605,22.14,17.842754593223333,4.6713961797443995,5.0713271771123,0.29839077940343767,6,0,불광2동,은평구
105,0.2662721893491124,0.0,0.0,11.944444444444443,1126.7511600396,29151.89873,0.2203141361256545,0.2369633507853403,0.2344502617801047,0.1918324607329843,0.1164397905759162,19.48,16.70464440840759,3.7965650000789997,3.35464258339025,0.5470087022048309,270,2,사당1동,동작구
106,0.5361216730038023,1.0,1.0,17.15625,374.052332073135,10432.36364,0.1600627697136132,0.1522165555119655,0.1949784229109455,0.211847783444488,0.2808944684189879,19.48,16.70464440840759,3.7965650000789997,3.35464258339025,0.5470087022048309,187,0,사당2동,동작구
107,0.8357142857142857,1.0,0.0,33.111111111111114,1126.84817418159,26215.21739,0.1579663532904503,0.1682335477486393,0.1895101434933201,0.2136318654131618,0.2706580900544285,19.48,16.70464440840759,3.7965650000789997,3.35464258339025,0.5470087022048309,22,1,사당3동,동작구
108,0.5773195876288659,0.0,0.0,19.166666666666668,1313.28157190444,37184.21053,0.2006927073311526,0.199345776409467,0.215701366172792,0.2289782566865499,0.1550894746969405,19.48,16.70464440840759,3.7965650000789997,3.35464258339025,0.5470087022048309,58,2,사당4동,동작구
109,0.8597560975609756,0.0,0.0,27.500000000000004,1484.68626809927,25254.38596,0.201638990726763,0.2018546474013371,0.2065990942419668,0.2186758680181152,0.171231399611818,19.48,16.70464440840759,3.7965650000789997,3.35464258339025,0.5470087022048309,27,2,사당5동,동작구
110,1.0,1.0,0.0,20.75,1082.01500891161,49817.74194,0.1242662331798067,0.1383545561275174,0.177187753996207,0.2523254763839971,0.3078659803124718,17.77,20.89898378941951,5.92468716153159,7.23678274614117,0.33177782138389456,1,1,삼각산동,강북구
111,0.6724137931034483,1.0,1.0,8.916666666666668,361.238840628049,25109.78261,0.2678386763185109,0.2596690796277146,0.2102378490175801,0.165253360910031,0.09700103412616339,23.18,16.875989051188732,4.07297710209858,3.81946148865498,0.33215603685402345,6,0,삼선동,성북구
112,0.7142857142857143,0.0,0.0,9.1875,1877.4828631824,24941.93548,0.1291263048998401,0.1347691150192796,0.1948650427913101,0.1818865795165993,0.3593529577729709,22.18,14.085849648952559,2.90407300926005,2.89913807865745,0.2603964683070088,14,2,삼성2동,강남구
113,0.8797953964194374,1.0,1.0,23.653846153846157,534.481830350023,7714.285714,0.2573529411764706,0.2169117647058824,0.1990864527629234,0.2026515151515151,0.1239973262032086,19.27,15.98333739503261,4.19234463060032,4.6582183321698905,0.32273244942210905,79,0,삼성동,관악구
114,0.8620689655172413,1.0,0.0,14.75,737.210922992279,25286.81319,0.2745224991906766,0.2379410812560699,0.2136613790870832,0.1899212258551851,0.08384590482356749,17.77,20.89898378941951,5.92468716153159,7.23678274614117,0.33177782138389456,10,1,삼양동,강북구
115,1.0,1.0,0.0,2.75,416.099841414396,31290.52632,0.2068619246861925,0.2630125523012553,0.238744769874477,0.1917991631799163,0.099581589958159,20.14,14.259492367198401,3.11733339050588,2.6530565536813597,0.2859457443157294,27,1,삼전동,송파구
116,0.2185430463576159,1.0,0.0,9.333333333333334,1201.24442636532,22967.5,0.1507406331687482,0.1749927388905025,0.2081033981992448,0.2535579436537903,0.2126052860877142,25.42,16.72871016543848,5.33528997650045,6.2240007808305995,0.24095259203136843,1,1,상계10동,노원구
117,0.9632911392405064,1.0,1.0,24.09090909090909,637.215778742918,6712.455516,0.1699138118345767,0.1819366987759832,0.2046787861229811,0.2368363873397552,0.2066343159267038,25.42,16.72871016543848,5.33528997650045,6.2240007808305995,0.24095259203136843,16,0,상계1동,노원구
118,0.8311688311688312,1.0,0.0,6.125,1235.33478517103,32168.85246,0.2052951388888889,0.1915509259259259,0.1999421296296296,0.2204861111111111,0.1827256944444444,25.42,16.72871016543848,5.33528997650045,6.2240007808305995,0.24095259203136843,31,1,상계2동,노원구
119,0.8849557522123894,1.0,1.0,20.807692307692307,592.068472958409,23334.65347,0.25648090169067,0.2264245460237946,0.2032561051972448,0.206386975579211,0.1075767063243582,25.42,16.72871016543848,5.33528997650045,6.2240007808305995,0.24095259203136843,7,0,상계5동,노원구
120,0.7183098591549296,0.0,1.0,20.961538461538463,2053.73549194462,30774.17219,0.213337794134047,0.1907549905207985,0.1956618713058994,0.179212668674027,0.2210326753652281,19.48,16.70464440840759,3.7965650000789997,3.35464258339025,0.5470087022048309,53,2,상도1동,동작구
121,0.5894736842105263,1.0,0.0,17.05,1794.22669777501,28571.42857,0.1901306240928883,0.1863347102824607,0.1962710729038741,0.1959361393323658,0.2312158088645752,19.48,16.70464440840759,3.7965650000789997,3.35464258339025,0.5470087022048309,63,1,상도2동,동작구
122,0.75,1.0,0.0,19.833333333333336,1793.95932253656,40891.66667,0.2152964565547889,0.2144778388492574,0.2261723774997076,0.2134253303707169,0.1306279967255292,19.48,16.70464440840759,3.7965650000789997,3.35464258339025,0.5470087022048309,66,1,상도3동,동작구
123,0.678391959798995,0.0,0.0,23.0,2182.28460167138,38013.33333,0.2029387587340732,0.2171187833949856,0.2352034525277435,0.218557336621455,0.1261816687217427,19.48,16.70464440840759,3.7965650000789997,3.35464258339025,0.5470087022048309,104,2,상도4동,동작구
124,0.9357798165137616,0.0,0.0,20.416666666666668,1701.69523919896,26767.04545,0.1973700533432577,0.1809949137824091,0.1868254558987719,0.2366951991068106,0.1979903237811686,25.6,17.924198884167012,5.30826918664079,6.87553832345706,0.45222483002250236,2,2,상봉1동,중랑구
125,0.6126760563380281,0.0,0.0,12.777777777777777,1767.91042249623,16153.33333,0.2557063541024059,0.2287939543491672,0.233266502159161,0.1708821714990746,0.1113510178901912,28.69,14.38031958706276,3.5688685487428295,2.95508209324034,0.3400474699618578,3,2,서교동,마포구
126,0.8053097345132744,1.0,1.0,23.0,268.029043398212,24796.9697,0.3132508833922262,0.2947879858657244,0.2154593639575972,0.1227031802120141,0.05379858657243816,19.27,15.98333739503261,4.19234463060032,4.6582183321698905,0.32273244942210905,14,0,서림동,관악구
127,0.3115468409586057,1.0,0.0,5.333333333333334,481.840325084348,4794.285714,0.1428922774225283,0.1305951795376291,0.1633054599114609,0.206345302508608,0.3568617806197737,23.44,16.56424862399604,3.56012988035629,3.95217642156548,0.3770530769097981,3,1,서빙고동,용산구
128,0.5365853658536586,1.0,1.0,18.875,125.954842401489,36412.30769,0.2767159401186329,0.3160719329629978,0.2029940683551455,0.1449957631108182,0.05912814235947651,19.27,15.98333739503261,4.19234463060032,4.6582183321698905,0.32273244942210905,10,0,서원동,관악구
129,0.6820809248554913,1.0,0.0,17.3125,2155.80344887893,14433.80282,0.1268676627534685,0.1299359658484525,0.2005069370330843,0.1966382070437567,0.346051227321238,27.36,14.17891039896946,2.5539972750082502,1.76528491742316,0.19567863376892958,20,1,서초1동,서초구
130,0.4766355140186916,0.0,0.0,14.61111111111111,2409.04961370382,21812.09677,0.09121338912133892,0.1072524407252441,0.1644351464435146,0.2153417015341701,0.4217573221757322,27.36,14.17891039896946,2.5539972750082502,1.76528491742316,0.19567863376892958,70,2,서초2동,서초구
131,0.7533875338753387,1.0,1.0,16.16,2455.02428103229,11064.16382,0.1252847380410023,0.1472714667723086,0.1824304248786768,0.1896602951371694,0.3553530751708428,27.36,14.17891039896946,2.5539972750082502,1.76528491742316,0.19567863376892958,107,0,서초3동,서초구
132,0.4394904458598726,0.0,0.0,14.3,1690.17675932498,34715.90909,0.07217923547753782,0.07448897101281904,0.1162951842014089,0.1533664395426724,0.5836701697655619,27.36,14.17891039896946,2.5539972750082502,1.76528491742316,0.19567863376892958,66,2,서초4동,서초구
133,0.3261802575107296,1.0,1.0,19.375,745.156035489219,20375.72254,0.271842194378598,0.2511005756857433,0.2079241449373518,0.1768540467321368,0.09227903826617,23.18,16.875989051188732,4.07297710209858,3.81946148865498,0.33215603685402345,6,0,석관동,성북구
134,0.9083333333333332,0.0,0.0,4.3999999999999995,1076.65808807945,33266.31579,0.2061354581673307,0.2466135458167331,0.2320318725099602,0.2039043824701195,0.1113147410358566,20.14,14.259492367198401,3.11733339050588,2.6530565536813597,0.2859457443157294,38,2,석촌동,송파구
135,0.6291390728476821,0.0,0.0,6.875000000000001,506.492688490581,34094.82759,0.1260641781270465,0.1581532416502947,0.2172560576293386,0.2298624754420432,0.2688277668631303,24.63,15.48581464646796,4.06704262157538,3.5549445369012096,0.3635093799176053,1,2,성내1동,강동구
136,0.8869565217391304,0.0,0.0,5.5,1147.04331580716,34946.26866,0.2211242163425778,0.224524492615025,0.2334502178301987,0.2027414727446605,0.118159600467538,24.63,15.48581464646796,4.06704262157538,3.5549445369012096,0.3635093799176053,19,2,성내2동,강동구
137,0.6339285714285714,0.0,0.0,7.214285714285714,1340.56554168994,32371.83099,0.1804041641151255,0.1927740355174525,0.2345376607470912,0.2188609920391917,0.173423147581139,24.63,15.48581464646796,4.06704262157538,3.5549445369012096,0.3635093799176053,12,2,성내3동,강동구
138,1.0,1.0,1.0,38.0,332.214477145719,5877.272727,0.226079869600652,0.2296658516707416,0.206519967400163,0.1763651181744091,0.1615321923390383,23.18,16.875989051188732,4.07297710209858,3.81946148865498,0.33215603685402345,1,0,성북동,성북구
139,0.9573770491803278,1.0,1.0,4.0,144.056521149786,8119.796954,0.1802544346891238,0.2096398494893388,0.1926178104282387,0.2013975989965956,0.2159111270381652,24.26,15.60716525419275,4.02016495359566,3.54093605154274,0.4874540777329399,1,0,성수1가1동,성동구
140,0.7649122807017544,1.0,0.0,0.5,480.922154360957,13243.58974,0.259867382380802,0.258920113672245,0.189295863593306,0.1820334701610357,0.1098831701926113,24.26,15.60716525419275,4.02016495359566,3.54093605154274,0.4874540777329399,2,1,성수2가1동,성동구
141,0.1842105263157894,0.0,0.0,1.625,1017.65555205985,10195.14563,0.1868588177821202,0.218124084025403,0.210552027357108,0.2217879824132877,0.1629213483146068,24.26,15.60716525419275,4.02016495359566,3.54093605154274,0.4874540777329399,1,2,성수2가3동,성동구
142,0.900763358778626,0.0,0.0,7.3999999999999995,817.001168255054,29479.20792,0.2792207792207792,0.2506299670478775,0.1963558829230471,0.1918976545842218,0.08189571622407443,17.77,20.89898378941951,5.92468716153159,7.23678274614117,0.33177782138389456,14,2,송중동,강북구
143,0.5263157894736842,1.0,0.0,7.5,898.54424552856,28750.0,0.3053319919517102,0.2724346076458752,0.1987927565392354,0.1566398390342052,0.06680080482897384,17.77,20.89898378941951,5.92468716153159,7.23678274614117,0.33177782138389456,21,1,송천동,강북구
144,0.7294117647058823,0.0,0.0,5.499999999999999,2046.69372612916,30221.51899,0.175980339779891,0.2235281547173843,0.2354952452185063,0.2275884175659793,0.1374078427182391,20.14,14.259492367198401,3.11733339050588,2.6530565536813597,0.2859457443157294,25,2,송파1동,송파구
145,0.8333333333333334,1.0,0.0,9.666666666666666,1924.47308790454,35718.86792,0.1016976297245356,0.1367713004484305,0.1564702114029468,0.2405509288917361,0.3643497757847534,20.14,14.259492367198401,3.11733339050588,2.6530565536813597,0.2859457443157294,8,1,송파2동,송파구
146,0.8980582524271845,1.0,0.0,12.125,521.333804537427,8700.0,0.1873660320262262,0.2067835077543815,0.2120791829529693,0.2552011095700416,0.1385701676963813,21.55,17.48323644363136,4.6691637993687705,3.3721144130046303,0.49344605151962834,12,1,수궁동,구로구
147,0.6847290640394089,0.0,0.0,29.250000000000004,889.736212492696,12270.05988,0.2882907133243607,0.2572005383580081,0.2183041722745626,0.1827725437415882,0.05343203230148048,17.77,20.89898378941951,5.92468716153159,7.23678274614117,0.33177782138389456,1,2,수유1동,강북구
148,0.6197183098591549,1.0,1.0,5.499999999999999,306.742839493218,36817.54386,0.2463343108504399,0.2411674347158218,0.2077922077922078,0.2036028487641391,0.1011031978773914,17.77,20.89898378941951,5.92468716153159,7.23678274614117,0.33177782138389456,16,0,수유2동,강북구
149,0.5228758169934641,1.0,0.0,5.857142857142857,545.265482102642,33169.44444,0.3168714555765595,0.2738657844990548,0.2111294896030246,0.1436672967863894,0.05446597353497164,17.77,20.89898378941951,5.92468716153159,7.23678274614117,0.33177782138389456,22,1,수유3동,강북구
150,1.0,1.0,0.0,10.5,803.774204009428,26386.95652,0.2717724288840263,0.2459518599562363,0.2118161925601751,0.1557986870897155,0.1142231947483589,21.15,18.448941281948912,4.2206197455811205,3.50851387225339,0.3288173596862235,5,1,숭인1동,종로구
151,0.5037593984962406,1.0,0.0,5.3125,390.837375659789,30162.85714,0.2790807865434731,0.265576877517176,0.2174840085287847,0.1656005685856432,0.07249466950959488,21.15,18.448941281948912,4.2206197455811205,3.50851387225339,0.3288173596862235,1,1,숭인2동,종로구
152,0.6157894736842106,1.0,0.0,9.205882352941176,557.954941517772,19841.52047,0.2042247570764681,0.2103084072665822,0.2198563582594001,0.2091254752851711,0.1564850021123785,22.37,17.127025843188783,5.01720861394029,5.38852387209811,0.7206659217581604,83,1,시흥1동,금천구
153,0.972972972972973,1.0,1.0,37.785714285714285,966.548621727524,16488.09524,0.1477154724818276,0.1599169262720665,0.1795171339563863,0.2357217030114226,0.277128764278297,22.37,17.127025843188783,5.01720861394029,5.38852387209811,0.7206659217581604,2,0,시흥2동,금천구
154,0.7727272727272727,1.0,1.0,9.681818181818182,583.858960636526,9905.607477,0.1827474445275492,0.2096733981550735,0.2164048865619546,0.2448267265021192,0.1465968586387434,22.37,17.127025843188783,5.01720861394029,5.38852387209811,0.7206659217581604,6,0,시흥3동,금천구
155,0.9135802469135802,0.0,0.0,22.833333333333336,1818.8326222426,23567.81609,0.2270685407911897,0.2227213447326474,0.2190986813505289,0.2088103173453123,0.1224460223156064,22.37,17.127025843188783,5.01720861394029,5.38852387209811,0.7206659217581604,52,2,시흥4동,금천구
156,0.7736842105263158,1.0,1.0,24.700000000000003,1361.36645629772,13777.69784,0.2843324051003957,0.2340612633738824,0.2255606038399531,0.1716253847281255,0.0842737798622307,22.37,17.127025843188783,5.01720861394029,5.38852387209811,0.7206659217581604,71,0,시흥5동,금천구
157,0.3893129770992366,0.0,0.0,3.4999999999999996,1936.64070041246,31415.15152,0.2883774749292877,0.2738493185908974,0.2202365646695809,0.1445101568526614,0.07302648495757263,29.23,15.88802611936291,3.88995936944818,3.04448453995768,0.35521410709221685,124,2,신길1동,영등포구
158,0.8059701492537313,0.0,0.0,5.5,917.903051689669,33144.23077,0.2757890277483584,0.2558779919508579,0.1883075619572125,0.170726540987079,0.1095106968862529,29.23,15.88802611936291,3.88995936944818,3.04448453995768,0.35521410709221685,230,2,신길3동,영등포구
159,0.6052631578947368,0.0,0.0,7.75,2668.7487994487,34347.36842,0.3096964813322589,0.2463067418748321,0.1968842331453129,0.16116035455278,0.0862207896857373,29.23,15.88802611936291,3.88995936944818,3.04448453995768,0.35521410709221685,38,2,신길4동,영등포구
160,0.7457627118644068,0.0,0.0,4.125,1171.4711216196,23687.23404,0.338307240704501,0.2646771037181996,0.1895792563600783,0.1470156555772994,0.06066536203522505,29.23,15.88802611936291,3.88995936944818,3.04448453995768,0.35521410709221685,362,2,신길5동,영등포구
161,0.5,0.0,0.0,9.75,1381.54829964389,29955.38462,0.2187329328235937,0.2184598580010923,0.2027580557072638,0.2120425996723102,0.14800655379574,29.23,15.88802611936291,3.88995936944818,3.04448453995768,0.35521410709221685,397,2,신길6동,영등포구
162,0.6285714285714286,0.0,0.0,3.4999999999999996,2412.27513626173,31198.4375,0.1817507418397626,0.1817507418397626,0.197082096933729,0.2262611275964392,0.2131552917903066,29.23,15.88802611936291,3.88995936944818,3.04448453995768,0.35521410709221685,45,2,신길7동,영등포구
163,0.8758949880668258,1.0,1.0,12.45,980.497726435486,15007.42188,0.1270406894837159,0.191762658490097,0.2068451147758349,0.2785282174525566,0.1958233197977956,25.6,17.924198884167012,5.30826918664079,6.87553832345706,0.45222483002250236,3,0,신내1동,중랑구
164,0.7372262773722628,1.0,0.0,10.552631578947368,879.010866543953,21544.08602,0.1877744807121662,0.1862314540059347,0.1989317507418398,0.2360830860534125,0.1909792284866469,25.6,17.924198884167012,5.30826918664079,6.87553832345706,0.45222483002250236,1,1,신내2동,중랑구
165,0.6,0.0,0.0,7.199999999999999,403.441858512377,40517.74194,0.1764938662445588,0.1602690937870993,0.1846722068328717,0.2088115024403113,0.2697533306951589,19.48,16.70464440840759,3.7965650000789997,3.35464258339025,0.5470087022048309,120,2,신대방1동,동작구
166,0.4931972789115646,0.0,0.0,8.318181818181818,867.754081797055,21759.2233,0.1716829164900381,0.1841175639395224,0.2098346757100466,0.2231171400310866,0.2112477038293062,19.48,16.70464440840759,3.7965650000789997,3.35464258339025,0.5470087022048309,54,2,신대방2동,동작구
167,0.8209876543209876,1.0,1.0,0.75,293.80152466512,24544.89796,0.08349530972703456,0.1164539846192851,0.1730752978957154,0.2475280993830812,0.3794473083748838,21.55,17.48323644363136,4.6691637993687705,3.3721144130046303,0.49344605151962834,5,0,신도림동,구로구
168,0.2051282051282051,1.0,1.0,7.9,290.423677768703,44770.37037,0.2919513414430928,0.374187635394101,0.2142142976170638,0.0919013497750375,0.02766205632394601,19.27,15.98333739503261,4.19234463060032,4.6582183321698905,0.32273244942210905,167,0,신림동,관악구
169,0.9574468085106383,1.0,0.0,19.458333333333332,713.309569009326,19369.0,0.1569801401869159,0.1964077102803738,0.2232768691588785,0.2355432242990654,0.1876460280373832,22.14,17.842754593223333,4.6713961797443995,5.0713271771123,0.29839077940343767,1,1,신사2동,은평구
170,0.4429530201342282,1.0,0.0,10.0,550.070094644741,28955.12821,0.2017738359201774,0.1653270509977827,0.1992793791574279,0.1972006651884701,0.236280487804878,28.69,14.38031958706276,3.5688685487428295,2.95508209324034,0.3400474699618578,1,1,신수동,마포구
171,0.296875,1.0,1.0,17.928571428571427,452.457332857688,33983.63636,0.2756435643564357,0.2982178217821782,0.2093729372937294,0.1553795379537954,0.06138613861386139,19.27,15.98333739503261,4.19234463060032,4.6582183321698905,0.32273244942210905,97,0,신원동,관악구
172,0.7777777777777778,0.0,0.0,18.8,807.880098964987,33985.36585,0.1995863495346432,0.2144088245432609,0.1792485349879352,0.2319889693209238,0.1744226128921062,27.55,14.776723910053361,3.97408511004984,3.85418393451583,0.4756530920132227,2,2,신월6동,양천구
173,0.4175824175824176,0.0,0.0,12.083333333333336,2085.61102985604,28450.0,0.1143968871595331,0.09416342412451362,0.1429961089494163,0.1787937743190662,0.4698443579766537,27.55,14.776723910053361,3.97408511004984,3.85418393451583,0.4756530920132227,1,2,신정1동,양천구
174,0.7891156462585034,1.0,0.0,3.25,941.792244850562,36400.0,0.1508947283572465,0.1218765113654683,0.1457359342253748,0.1820087054650975,0.3994841205868128,27.55,14.776723910053361,3.97408511004984,3.85418393451583,0.4756530920132227,4,1,신정2동,양천구
175,0.7775551102204409,1.0,0.0,12.160714285714286,724.262314944477,18591.17647,0.1761690036444499,0.1758601519550312,0.199950583729693,0.2297238865896596,0.2182346037432825,27.55,14.776723910053361,3.97408511004984,3.85418393451583,0.4756530920132227,2,1,신정3동,양천구
176,0.3484848484848485,0.0,0.0,9.700000000000001,2632.34332378899,32582.17822,0.2159657875980043,0.2319632533460046,0.2371901480953512,0.1985428051001822,0.1163380058604578,27.55,14.776723910053361,3.97408511004984,3.85418393451583,0.4756530920132227,1,2,신정4동,양천구
177,0.4423076923076923,1.0,0.0,3.4999999999999996,682.751587540926,25029.16667,0.05459544383346426,0.06664048180151873,0.1098455092956271,0.191018591254255,0.5778999738151348,27.55,14.776723910053361,3.97408511004984,3.85418393451583,0.4756530920132227,1,1,신정6동,양천구
178,0.6399082568807339,1.0,0.0,22.444444444444443,1441.00684809261,10058.93536,0.3163274964505443,0.3054424988168481,0.1921438712730715,0.1259820160908661,0.06019876952200662,17.46,17.20595754506919,4.073199137121001,3.74870111662735,0.4207174938882256,2,1,신촌동,서대문구
179,0.7041666666666667,1.0,1.0,18.136363636363637,86.9967740372961,17275.0,0.2580600525806006,0.2312162723121627,0.2027120520271205,0.217240902172409,0.09090909090909091,23.93,19.5572617567929,4.90101864309052,4.74834405827656,0.39118880292919156,8,0,쌍문1동,도봉구
180,0.6507936507936508,1.0,1.0,9.083333333333334,1097.7941077552,34050.0,0.2537482319660537,0.2466760961810467,0.2049504950495049,0.212022630834512,0.0826025459688826,23.93,19.5572617567929,4.90101864309052,4.74834405827656,0.39118880292919156,22,0,쌍문2동,도봉구
181,0.875,1.0,0.0,8.0,350.670968260863,33804.0,0.2900179123921185,0.2626608044292461,0.2025728708679368,0.1717961244097053,0.07295228790099333,23.93,19.5572617567929,4.90101864309052,4.74834405827656,0.39118880292919156,7,1,쌍문3동,도봉구
182,0.7571428571428571,1.0,0.0,12.428571428571429,418.435358677846,35225.0,0.148334094020995,0.1776966377605355,0.1977787920279933,0.2749125209189107,0.2014300928038947,23.93,19.5572617567929,4.90101864309052,4.74834405827656,0.39118880292919156,4,1,쌍문4동,도봉구
183,0.7303370786516854,0.0,0.0,5.25,1421.99124857507,33650.98039,0.2037704918032787,0.2157377049180328,0.2365573770491803,0.1997540983606557,0.1441803278688525,24.63,15.48581464646796,4.06704262157538,3.5549445369012096,0.3635093799176053,9,2,암사1동,강동구
184,0.2574850299401197,1.0,1.0,1.8333333333333333,108.635462032051,12741.52542,0.1315126864226225,0.1441022661243463,0.1880689521595971,0.2283556072051133,0.3081541739298857,24.63,15.48581464646796,4.06704262157538,3.5549445369012096,0.3635093799176053,1,0,암사2동,강동구
185,0.6035242290748899,1.0,0.0,11.318181818181818,1422.16568073834,6974.501992,0.08605883427736159,0.09263657957244656,0.1494609903160972,0.2201717522382605,0.4516718435958341,24.63,15.48581464646796,4.06704262157538,3.5549445369012096,0.3635093799176053,3,1,암사3동,강동구
186,0.3455882352941176,0.0,0.0,10.0,1874.41754686091,34443.75,0.1970855576395902,0.1790506420429952,0.1819362285384504,0.1914586639734526,0.2504689078055115,18.86,18.99178782871519,4.72623251990235,4.81022328138103,0.8403326813392725,1,2,약수동,중구
187,0.6760975609756098,1.0,1.0,17.661290322580648,535.612893290665,2864.511873,0.1596098953377736,0.198977164605138,0.2460751665080875,0.2233587059942911,0.17186013320647,27.36,14.17891039896946,2.5539972750082502,1.76528491742316,0.19567863376892958,35,0,양재2동,서초구
188,0.7198067632850241,1.0,1.0,0.6666666666666667,195.481445394891,21159.09091,0.1780038143674507,0.2013668150031786,0.2202797202797203,0.222027972027972,0.1784806102987921,29.23,15.88802611936291,3.88995936944818,3.04448453995768,0.35521410709221685,37,0,양평1동,영등포구
189,0.3400537634408602,1.0,0.0,16.642857142857142,157.859282172975,7540.0,0.1185267238991969,0.156743284408751,0.2130988645804486,0.2387150373857657,0.27277762392689,29.23,15.88802611936291,3.88995936944818,3.04448453995768,0.35521410709221685,8,1,양평2동,영등포구
190,0.3120567375886525,1.0,1.0,5.388888888888889,5.94593006043152,3912.97619,0.08209922251018141,0.09792669381710478,0.1393002591632728,0.1975194372454646,0.4831543872639763,29.23,15.88802611936291,3.88995936944818,3.04448453995768,0.35521410709221685,12,0,여의동,영등포구
191,0.740990990990991,0.0,0.0,11.714285714285715,2116.37459634305,15067.65957,0.2187905821241037,0.216814409124273,0.2514256676641635,0.1746372310993168,0.1382756479024335,22.18,14.085849648952559,2.90407300926005,2.89913807865745,0.2603964683070088,39,2,역삼1동,강남구
192,0.8785714285714286,1.0,0.0,15.928571428571429,840.604937190846,38701.72414,0.1675571290634052,0.196202124235597,0.2424847119407789,0.2368844544576762,0.1569359510782105,22.14,17.842754593223333,4.6713961797443995,5.0713271771123,0.29839077940343767,4,1,역촌동,은평구
193,0.7855579868708972,1.0,0.0,18.571428571428573,453.527324666829,12267.86885,0.2389762764311501,0.2432955131511088,0.211835997937081,0.1713512119649304,0.1346054667354306,17.46,17.20595754506919,4.073199137121001,3.74870111662735,0.4207174938882256,1,1,연희동,서대문구
194,0.4529411764705882,0.0,0.0,0.6666666666666667,1718.0261981807,24587.30159,0.2462694815961092,0.2501381673482923,0.2225046976898419,0.1517630153642091,0.1293246380015475,29.23,15.88802611936291,3.88995936944818,3.04448453995768,0.35521410709221685,160,2,영등포동,영등포구
195,0.3861386138613861,0.0,0.0,4.125,2407.14108719801,22209.80392,0.2487760886369492,0.1898995104354548,0.188997681010049,0.1808812161813965,0.1914455037361505,29.23,15.88802611936291,3.88995936944818,3.04448453995768,0.35521410709221685,69,2,영등포본동,영등포구
196,0.6346153846153846,1.0,0.0,9.409090909090908,416.239942017464,23004.24242,0.1445569170662405,0.1859350026638253,0.2004972473805718,0.2378795950985615,0.2310424436156988,20.14,14.259492367198401,3.11733339050588,2.6530565536813597,0.2859457443157294,21,1,오금동,송파구
197,0.759493670886076,1.0,1.0,16.029411764705884,594.119168964464,12005.0,0.1431982633863965,0.1970332850940666,0.2098408104196816,0.2722141823444283,0.1777134587554269,21.55,17.48323644363136,4.6691637993687705,3.3721144130046303,0.49344605151962834,6,0,오류2동,구로구
198,0.5619047619047619,1.0,1.0,11.60344827586207,104.977093737983,5605.362776,0.05037552665323319,0.0712584722476644,0.1155889357025096,0.1797032423520791,0.5830738230445136,20.14,14.259492367198401,3.11733339050588,2.6530565536813597,0.2859457443157294,1,0,오륜동,송파구
199,0.1710843373493976,1.0,1.0,4.8,362.475451950698,22883.22981,0.2971221810838102,0.2628744530461124,0.1926960619320094,0.1524739145069,0.09483338943116795,22.74,18.00272185181426,4.64577395636241,4.7817444921299,0.5907955146289544,3,0,용신동,동대문구
200,0.9311276164753544,1.0,1.0,24.583333333333332,640.979655040144,1976.459144,0.2462686567164179,0.2355051664753157,0.2132606199770379,0.2073765786452354,0.09758897818599312,17.77,20.89898378941951,5.92468716153159,7.23678274614117,0.33177782138389456,32,0,우이동,강북구
201,0.5633802816901409,1.0,0.0,9.75,503.047231204483,30137.28814,0.1259431224608241,0.1325207970593925,0.207970593925324,0.2011994583091507,0.3323660282453086,23.44,16.56424862399604,3.56012988035629,3.95217642156548,0.3770530769097981,2,1,원효로1동,용산구
202,0.9022988505747126,1.0,0.0,12.3,522.159991639617,19407.04225,0.1530910609857978,0.1368003341687552,0.1867167919799499,0.2080200501253133,0.3153717627401838,23.44,16.56424862399604,3.56012988035629,3.95217642156548,0.3770530769097981,1,1,원효로2동,용산구
203,0.8306636155606407,1.0,1.0,10.375,1527.91328408532,13432.98969,0.2703160270880361,0.2072046651617758,0.1900865312264861,0.2072987208427389,0.1250940556809631,25.42,16.72871016543848,5.33528997650045,6.2240007808305995,0.24095259203136843,1,0,월계2동,노원구
204,0.6823529411764706,1.0,1.0,0.6666666666666667,741.265543169279,24951.28205,0.1968484448477848,0.1763055853477436,0.1968484448477848,0.2357891263097104,0.1941258972032011,25.42,16.72871016543848,5.33528997650045,6.2240007808305995,0.24095259203136843,1,0,월계3동,노원구
205,0.6530612244897959,0.0,0.0,8.125,631.179391633392,32286.41975,0.1894195959360037,0.1853322433726498,0.191755225972206,0.2274903655261007,0.2060025691930398,23.18,16.875989051188732,4.07297710209858,3.81946148865498,0.33215603685402345,3,2,월곡1동,성북구
206,0.8356164383561644,1.0,0.0,26.25,729.154147812295,14547.79412,0.2663736886872696,0.2322086759285512,0.194074284094131,0.1851431811738021,0.1222001701162461,23.18,16.875989051188732,4.07297710209858,3.81946148865498,0.33215603685402345,2,1,월곡2동,성북구
207,0.7266881028938906,1.0,1.0,5.944444444444445,146.26744862155,17531.76471,0.0877644368210406,0.1109205260148656,0.1878216123499142,0.2755860491709548,0.3379073756432247,20.14,14.259492367198401,3.11733339050588,2.6530565536813597,0.2859457443157294,3,0,위례동,송파구
208,0.9107142857142856,0.0,0.0,20.81818181818182,1104.27613715594,42539.74359,0.2250196078431373,0.2219607843137255,0.2022745098039216,0.1974117647058823,0.1532549019607843,19.27,15.98333739503261,4.19234463060032,4.6582183321698905,0.32273244942210905,96,2,은천동,관악구
209,0.8210526315789474,1.0,1.0,15.55,985.176598836771,27721.66667,0.1806422018348624,0.204954128440367,0.2401834862385321,0.2161467889908257,0.1579816513761468,22.14,17.842754593223333,4.6713961797443995,5.0713271771123,0.29839077940343767,6,0,응암1동,은평구
210,1.0,0.0,0.0,25.0,732.420008564744,35791.02564,0.1702684101858224,0.1741225051617343,0.2184445973847213,0.2068823124569855,0.2302821748107364,22.14,17.842754593223333,4.6713961797443995,5.0713271771123,0.29839077940343767,1,2,응암2동,은평구
211,0.975,1.0,1.0,6.666666666666667,367.10625015735,38325.39683,0.2462710250714059,0.2288162488099016,0.2268063048767587,0.196022426742833,0.1019782079763038,22.14,17.842754593223333,4.6713961797443995,5.0713271771123,0.29839077940343767,13,0,응암3동,은평구
212,0.7593984962406015,1.0,0.0,18.5,736.585039480467,20448.07692,0.3805198082260913,0.2795861720918496,0.1665404996214989,0.1189334679115149,0.05450416351249054,22.74,18.00272185181426,4.64577395636241,4.7817444921299,0.5907955146289544,1,1,이문1동,동대문구
213,0.2880324543610548,1.0,0.0,0.75,124.716192964846,8939.51049,0.07919254658385093,0.07286192068800765,0.1236263736263736,0.1711657907310081,0.55303392259914,23.44,16.56424862399604,3.56012988035629,3.95217642156548,0.3770530769097981,1,1,이촌1동,용산구
214,0.9457364341085271,0.0,0.0,27.333333333333336,1068.73324088239,12069.76744,0.2437045327364298,0.1989367655288193,0.225517627308338,0.1916620033575825,0.1398992725237829,23.44,16.56424862399604,3.56012988035629,3.95217642156548,0.3770530769097981,1,2,이태원2동,용산구
215,0.9690721649484536,1.0,0.0,7.833333333333332,574.062702477794,9808.974359,0.2482191780821918,0.2438356164383562,0.2391780821917808,0.1736986301369863,0.09506849315068493,21.15,18.448941281948912,4.2206197455811205,3.50851387225339,0.3288173596862235,1,1,이화동,종로구
216,0.7774798927613941,1.0,0.0,21.333333333333336,361.272321733678,9090.243902,0.2590605290407606,0.2587781229407888,0.2088863786124447,0.201920361479808,0.07135460792619787,17.77,20.89898378941951,5.92468716153159,7.23678274614117,0.33177782138389456,30,1,인수동,강북구
217,0.8926174496644296,1.0,1.0,23.96428571428571,222.123868546887,24195.37037,0.2271198136806694,0.2678340377814198,0.236694557060295,0.1810575347192271,0.08738031570775467,19.27,15.98333739503261,4.19234463060032,4.6582183321698905,0.32273244942210905,15,0,인헌동,관악구
218,0.6580310880829016,1.0,0.0,3.5000000000000004,540.285969231308,16178.26087,0.2237864077669903,0.2008090614886731,0.216504854368932,0.1946601941747573,0.1640776699029126,22.18,14.085849648952559,2.90407300926005,2.89913807865745,0.2603964683070088,18,1,일원1동,강남구
219,0.4238095238095238,1.0,0.0,6.125000000000001,749.366793721592,5973.476703,0.06295264623955432,0.08115134633240483,0.132033426183844,0.1983286908077994,0.5255338904363974,20.14,14.259492367198401,3.11733339050588,2.6530565536813597,0.2859457443157294,1,1,잠실6동,송파구
220,1.0,1.0,1.0,1.0,625.597144159714,30194.68085,0.2033928412825295,0.2647659650057732,0.2272848387956302,0.191580069277911,0.1129762856381561,20.14,14.259492367198401,3.11733339050588,2.6530565536813597,0.2859457443157294,23,0,잠실본동,송파구
221,0.4942263279445728,1.0,1.0,7.375,648.016679939413,14998.86364,0.1209170576259184,0.1198548287155882,0.1557935735150925,0.1888111888111888,0.4145348322563512,27.36,14.17891039896946,2.5539972750082502,1.76528491742316,0.19567863376892958,2,0,잠원동,서초구
222,0.0552325581395348,1.0,0.0,7.000000000000001,1271.80061828708,30888.8,0.1926413881748072,0.2206780205655527,0.2124035989717224,0.2192320051413882,0.1551253213367609,22.74,18.00272185181426,4.64577395636241,4.7817444921299,0.5907955146289544,1,1,장안1동,동대문구
223,0.0673076923076923,1.0,0.0,1.625,759.62375937721,29974.31193,0.1870697395989225,0.2181981442681832,0.2073231567394992,0.2200937842961189,0.1674149456250623,22.74,18.00272185181426,4.64577395636241,4.7817444921299,0.5907955146289544,1,1,장안2동,동대문구
224,0.7352941176470589,0.0,0.0,18.25,313.307954648307,34294.28571,0.2587422650741114,0.2640667721974385,0.2102460785724565,0.2040581378615628,0.0627428406965031,23.18,16.875989051188732,4.07297710209858,3.81946148865498,0.33215603685402345,2,2,장위1동,성북구
225,0.3523809523809524,1.0,1.0,7.611111111111112,204.922807666929,24492.30769,0.2531241691039617,0.2517947354427014,0.2081893113533635,0.1776123371443765,0.1092794469555969,23.18,16.875989051188732,4.07297710209858,3.81946148865498,0.33215603685402345,2,0,장위3동,성북구
226,0.710691823899371,1.0,0.0,6.799999999999999,932.879858315568,21206.56934,0.1398323394693631,0.1718952553798289,0.2000691383631492,0.2457004580416559,0.2424163857920664,20.14,14.259492367198401,3.11733339050588,2.6530565536813597,0.2859457443157294,15,1,장지동,송파구
227,0.9375,1.0,0.0,26.642857142857146,496.201997641424,3958.823529,0.3508982035928144,0.2415169660678643,0.1896207584830339,0.1389221556886228,0.07944111776447106,18.86,18.99178782871519,4.72623251990235,4.81022328138103,0.8403326813392725,1,1,장충동,중구
228,0.7635135135135135,0.0,0.0,8.1,2182.63274775831,24666.38655,0.2987750754482514,0.2488017042428546,0.1883543404935203,0.1539144328066749,0.1100656843600213,22.74,18.00272185181426,4.64577395636241,4.7817444921299,0.5907955146289544,2,2,전농1동,동대문구
229,1.0,1.0,1.0,40.7,191.495015677246,4484.636119,0.3314470493128537,0.2512530315278901,0.1959579628132579,0.1565076798706548,0.06483427647534357,23.18,16.875989051188732,4.07297710209858,3.81946148865498,0.33215603685402345,6,0,정릉3동,성북구
230,0.6486486486486487,1.0,0.0,7.6,2.01037101012622,22430.50847,0.3299174211521242,0.245448214108049,0.1770968062879315,0.1533180778032037,0.09411998806088946,22.74,18.00272185181426,4.64577395636241,4.7817444921299,0.5907955146289544,2,1,제기동,동대문구
231,0.1740890688259109,0.0,0.0,6.863636363636363,349.909324791643,31186.56716,0.2518841729472431,0.2912865265106439,0.2308607695358985,0.1591960862091762,0.06677244479703821,19.27,15.98333739503261,4.19234463060032,4.6582183321698905,0.32273244942210905,103,2,조원동,관악구
232,0.0517241379310344,1.0,1.0,15.611111111111112,574.422433881473,27431.50685,0.2229505834894107,0.1970177207895116,0.1960092205734044,0.2037170436536522,0.180305431494021,23.18,16.875989051188732,4.07297710209858,3.81946148865498,0.33215603685402345,3,0,종암동,성북구
233,0.8884758364312267,1.0,0.0,21.607142857142854,1401.80465419786,11834.51777,0.1218553459119497,0.147143605870021,0.1681079664570231,0.230083857442348,0.3328092243186583,25.42,16.72871016543848,5.33528997650045,6.2240007808305995,0.24095259203136843,4,1,중계본동,노원구
234,0.9130434782608696,0.0,0.0,12.25,1792.45519243759,40479.48718,0.2641680519873054,0.302402901617047,0.2353030074051685,0.1425117122563095,0.05561432673416956,19.27,15.98333739503261,4.19234463060032,4.6582183321698905,0.32273244942210905,27,2,중앙동,관악구
235,0.759493670886076,1.0,0.0,26.42857142857143,1411.86855577106,30050.0,0.2096676737160121,0.2196374622356495,0.2341389728096677,0.2197885196374622,0.1167673716012085,25.6,17.924198884167012,5.30826918664079,6.87553832345706,0.45222483002250236,1,1,중화1동,중랑구
236,0.1982758620689655,1.0,1.0,5.642857142857143,313.958636278356,24527.72277,0.3315044758879584,0.2868418519588026,0.2034844547117143,0.1330253152372702,0.04524015785927423,25.6,17.924198884167012,5.30826918664079,6.87553832345706,0.45222483002250236,2,0,중화2동,중랑구
237,0.8583892617449664,1.0,1.0,21.598039215686278,967.508421038495,4773.894189,0.08018097272841523,0.1083322860374513,0.1731808470529094,0.223136860625864,0.4151690335553601,22.14,17.842754593223333,4.6713961797443995,5.0713271771123,0.29839077940343767,5,0,진관동,은평구
238,0.526595744680851,1.0,0.0,13.285714285714286,962.424133029153,27746.59091,0.2117844411826379,0.2132522541413294,0.2045502201719438,0.2156636611448941,0.1548542671419585,23.93,19.5572617567929,4.90101864309052,4.74834405827656,0.39118880292919156,9,1,창1동,도봉구
239,0.8787878787878788,1.0,1.0,7.5,450.126909504607,27459.04762,0.2032379594745952,0.2529274004683841,0.2142348029732206,0.2284899704714388,0.1011098666123613,23.93,19.5572617567929,4.90101864309052,4.74834405827656,0.39118880292919156,6,0,창2동,도봉구
240,0.9502762430939228,1.0,1.0,14.4375,424.019463451584,20191.04478,0.3056872037914692,0.2845576619273302,0.2065560821484992,0.1552132701421801,0.04818325434439179,23.93,19.5572617567929,4.90101864309052,4.74834405827656,0.39118880292919156,8,0,창3동,도봉구
241,0.3103448275862069,1.0,0.0,9.083333333333334,911.109152687473,34660.0,0.1575162652665221,0.1810295628352928,0.1927862116196781,0.2452916333751855,0.2233763269033215,23.93,19.5572617567929,4.90101864309052,4.74834405827656,0.39118880292919156,5,1,창5동,도봉구
242,0.8169014084507042,1.0,0.0,8.0,315.846156834377,17419.35484,0.3673469387755102,0.2258812615955473,0.1757884972170687,0.1470315398886828,0.0839517625231911,21.15,18.448941281948912,4.2206197455811205,3.50851387225339,0.3288173596862235,2,1,창신1동,종로구
243,1.0,0.0,0.0,13.5,318.482108151784,28652.17391,0.1654331737048324,0.1919895515890292,0.2033086634740967,0.2359599477579452,0.2033086634740967,21.15,18.448941281948912,4.2206197455811205,3.50851387225339,0.3288173596862235,1,2,창신3동,종로구
244,0.85,0.0,0.0,6.666666666666667,1890.3958285652,37497.1831,0.2154225279802854,0.2248690830680768,0.2325700790635589,0.1977615771639799,0.129376732724099,24.63,15.48581464646796,4.06704262157538,3.5549445369012096,0.3635093799176053,1,2,천호1동,강동구
245,0.6417112299465241,1.0,0.0,4.125,713.146580399367,21551.59236,0.2338151622328156,0.231585422112871,0.2352760264493311,0.1923727510379825,0.1069506381669998,24.63,15.48581464646796,4.06704262157538,3.5549445369012096,0.3635093799176053,14,1,천호2동,강동구
246,0.8947368421052632,0.0,0.0,7.75,2377.71914987071,33879.74684,0.2300074539452668,0.2205302949632627,0.2188265360451496,0.1874134809924396,0.1432222340538814,24.63,15.48581464646796,4.06704262157538,3.5549445369012096,0.3635093799176053,8,2,천호3동,강동구
247,0.4054054054054054,1.0,0.0,17.96875,771.716497062506,31569.49153,0.2732144116195445,0.322851300853134,0.2172318973418882,0.1317774800817881,0.05492491010364521,19.27,15.98333739503261,4.19234463060032,4.6582183321698905,0.32273244942210905,44,1,청룡동,관악구
248,0.6686390532544378,1.0,1.0,26.535714285714292,722.50124788802,4577.431907,0.1750178104963192,0.1519829019235336,0.2054143908810259,0.2241747803372121,0.2436475896461648,21.15,18.448941281948912,4.2206197455811205,3.50851387225339,0.3288173596862235,1,0,청운효자동,종로구
249,0.5084745762711864,0.0,0.0,14.250000000000002,1552.39019231013,22062.22222,0.2610744580584354,0.2278510838831291,0.234684260131951,0.1741281809613572,0.1021442035815269,23.44,16.56424862399604,3.56012988035629,3.95217642156548,0.3770530769097981,2,2,청파동,용산구
250,0.5425101214574899,0.0,0.0,19.538461538461537,1339.66081509046,18106.25,0.233179173504401,0.2216917798000895,0.2134864985827241,0.1990153662539162,0.1326271818588692,17.46,17.20595754506919,4.073199137121001,3.74870111662735,0.4207174938882256,2,2,충현동,서대문구
251,0.9741315594974131,1.0,1.0,22.96153846153846,70.0397249922058,2000.338219,0.1197030061571894,0.1392611372691054,0.1736689605215502,0.1995653748641796,0.3679826149945672,21.15,18.448941281948912,4.2206197455811205,3.50851387225339,0.3288173596862235,2,0,평창동,종로구
252,0.6955017301038062,1.0,0.0,1.8333333333333333,1082.67706404726,16587.01299,0.2635879893576587,0.2367920942607374,0.1978335233751425,0.1828202204484987,0.1189661725579628,20.14,14.259492367198401,3.11733339050588,2.6530565536813597,0.2859457443157294,4,1,풍납1동,송파구
253,0.4943052391799544,1.0,1.0,0.5,211.512520907485,15299.37107,0.1391680299135312,0.1818181818181818,0.1961906987613929,0.2242346342603412,0.2585884552465529,20.14,14.259492367198401,3.11733339050588,2.6530565536813597,0.2859457443157294,14,0,풍납2동,송파구
254,0.9921259842519684,1.0,0.0,16.8,200.855416051372,4250.0,0.2896907216494846,0.2221649484536082,0.2448453608247423,0.1670103092783505,0.07628865979381444,18.86,18.99178782871519,4.72623251990235,4.81022328138103,0.8403326813392725,1,1,필동,중구
255,0.3707865168539326,1.0,1.0,7.000000000000001,421.938541152452,7851.37931,0.1435456110154905,0.1373493975903614,0.2034423407917384,0.2013769363166953,0.3144578313253012,23.44,16.56424862399604,3.56012988035629,3.95217642156548,0.3770530769097981,6,0,한강로동,용산구
256,0.8763197586726998,1.0,0.0,22.772727272727273,823.348630471386,7256.146179,0.1996660305343511,0.1742604961832061,0.1981154580152672,0.1760496183206107,0.2519083969465649,23.44,16.56424862399604,3.56012988035629,3.95217642156548,0.3770530769097981,3,1,한남동,용산구
257,0.7679738562091504,1.0,0.0,5.500000000000001,235.474506031094,9857.55814,0.2139827609796142,0.212067314270078,0.2340949514297442,0.2102886851826515,0.1294294705158024,28.69,14.38031958706276,3.5688685487428295,2.95508209324034,0.3400474699618578,2,1,합정동,마포구
258,0.8888888888888888,0.0,0.0,18.85,1511.96851704207,41202.77778,0.2656333105387129,0.2742952663171492,0.2108502393435149,0.1600942177646076,0.0891269660360155,19.27,15.98333739503261,4.19234463060032,4.6582183321698905,0.32273244942210905,9,2,행운동,관악구
259,0.9428571428571428,1.0,0.0,7.833333333333332,836.50126641838,17473.21429,0.2973977695167286,0.2459727385377943,0.212639405204461,0.1474597273853779,0.09665427509293681,21.15,18.448941281948912,4.2206197455811205,3.50851387225339,0.3288173596862235,1,1,혜화동,종로구
260,0.9276807980049876,1.0,0.0,16.866666666666667,753.698774573801,14307.76699,0.2269346733668342,0.2194974874371859,0.1998994974874372,0.2124623115577889,0.1412060301507538,17.46,17.20595754506919,4.073199137121001,3.74870111662735,0.4207174938882256,6,1,홍은2동,서대문구
261,0.2063492063492063,1.0,0.0,4.0,561.032695759994,41493.93939,0.2163730569948187,0.2140932642487047,0.225699481865285,0.1927461139896373,0.1512953367875648,18.86,18.99178782871519,4.72623251990235,4.81022328138103,0.8403326813392725,1,1,황학동,중구
262,0.935483870967742,1.0,0.0,38.0,1080.98638011667,17997.36842,0.3522154648132059,0.2757602085143354,0.200868809730669,0.1063423110338836,0.06463944396177237,22.74,18.00272185181426,4.64577395636241,4.7817444921299,0.5907955146289544,2,1,회기동,동대문구
263,0.8267326732673267,1.0,0.0,19.875,745.755147992069,6141.666667,0.27197265625,0.1865234375,0.17236328125,0.1376953125,0.2314453125,18.86,18.99178782871519,4.72623251990235,4.81022328138103,0.8403326813392725,1,1,회현동,중구
264,0.4474708171206226,0.0,0.0,12.769230769230772,1050.08708820225,18464.28571,0.2518856195607128,0.1906340654786573,0.1932863655200995,0.1719021964359718,0.1922917530045586,19.48,16.70464440840759,3.7965650000789997,3.35464258339025,0.5470087022048309,55,2,흑석동,동작구
